0.206
0.178
0.168
0.163
0.161
0.159
0.155
0.155
0.152
0.151
0.151
0.151
0.150
0.149
0.149
0.148
0.147
0.147
0.146
0.145
0.145
0.145
0.145
0.145
0.144
0.144
0.144
0.143
0.142
0.141
0.140
0.140
0.139
0.138
0.138
0.137
0.137
0.137
0.135
0.134
0.134
0.134
0.133
0.133
0.132
0.131
0.132
0.130
0.130
0.129
0.1296
0.1288
0.1282
0.127
0.1278
0.1265
0.1257
0.1261
0.1261
0.1256
0.1247
0.1245
0.1236
0.1234
0.1232
0.1224
0.1217
0.1215
0.1207
0.1210
0.1199
0.1210
0.1198
0.1193
0.1195
0.1190
0.1181
0.1177
0.1172
0.1161
0.1159
0.1161
0.1156
0.1148
0.1141
0.1136
0.1126
0.1128
0.1118
0.1113
0.1120
0.1102
0.1103
0.1105
0.1099
0.1096
0.1089
0.1087
0.1082
0.1079