0.5413
0.23824751377105713
0.20692181587219238
0.19463472068309784
0.1880538910627365
0.18161365389823914
0.17692811787128448
0.17589959502220154
0.1709870547056198
0.167836993932724
0.1648908406496048
0.16326090693473816
0.16343532502651215
0.16293956339359283
0.16231302917003632
0.16316688060760498
0.16233061254024506
0.16196376085281372
0.1612897515296936
0.1606825441122055
0.16096575558185577
0.16060771048069
0.16055217385292053
0.16054482758045197
0.1607305109500885
0.16018469631671906
0.1593669205904007
0.16087494790554047
0.1601266860961914
0.16049206256866455
0.159969300031662
0.15966807305812836
0.15928854048252106
0.15869693458080292
0.1585456132888794
0.15908104181289673
0.15791508555412292
0.1568135768175125
0.1569201946258545
0.1565452367067337
0.15610285103321075
0.15549595654010773
0.15583108365535736
0.15597392618656158
0.15544170141220093
0.15534664690494537
0.15486007928848267
0.15443836152553558
0.15402425825595856
0.15470916032791138
0.153983473777771
0.15326902270317078
0.1529405266046524
0.15225903689861298
0.15262721478939056
0.15267111361026764
0.1525512933731079
0.1522255837917328
0.15128444135189056
0.15146952867507935
0.1505369246006012
0.15093369781970978
0.1501842588186264
0.14941608905792236
0.14978919923305511
0.1491471529006958
0.14915436506271362
0.1489277333021164
0.14819060266017914
0.1476409137248993
0.14789894223213196
0.14701442420482635
0.1475961059331894
0.1466384083032608
0.14635874330997467
0.14588187634944916
0.14542241394519806
0.1461201012134552
0.14539405703544617
0.14488106966018677
0.14511975646018982
0.14416702091693878
0.14385326206684113
0.14385364949703217
0.14399433135986328
0.14372779428958893
0.143097385764122
0.1427737921476364
0.14258871972560883
0.14139041304588318
0.14226491749286652
0.14128173887729645
0.14150066673755646
0.14029239118099213
0.14031058549880981
0.14032965898513794
0.13980600237846375
0.13968300819396973
0.13938330113887787
0.13900333642959595
0.13749803602695465
0.13769157230854034
0.13724911212921143
0.13759320974349976
0.13720083236694336
0.13716784119606018
0.13612110912799835
0.13574662804603577
0.1360030472278595
0.1357513964176178
0.1350153237581253
0.13500255346298218
0.1343446969985962
0.13387195765972137
0.1332826465368271
0.13348610699176788
0.13295739889144897
0.13360700011253357
0.13304373621940613
0.13250790536403656
0.13249436020851135
0.13293124735355377
0.13202840089797974
0.13217560946941376
0.13159435987472534
0.13147448003292084
0.13177864253520966
0.13077355921268463
0.13001199066638947
0.13096977770328522
0.13061277568340302
0.13012267649173737
0.12982898950576782
0.12930375337600708
0.1290806531906128
0.12939855456352234
0.12859518826007843
0.1284511387348175
0.12759368121623993
0.12891381978988647
